[[[0.0,0.8414709848078965,-0.7568024953079282,0.4121184852417566,-0.2879033166650653],[0.8414709848078965,0.9092974268256817,-0.9589242746631385,-0.5440211108893698,-0.9613974918795568],[-0.7568024953079282,-0.9589242746631385,0.9893582466233818,0.4201670368266409,0.9129452507276277],[0.4121184852417566,-0.5440211108893698,0.4201670368266409,-0.750987246771676,-0.13235175009777303],[-0.2879033166650653,-0.9613974918795568,0.9129452507276277,-0.13235175009777303,0.5514266812416906]],[[0.8414709848078965,0.9092974268256817,-0.9589242746631385,-0.5440211108893698,-0.9613974918795568],[0.9092974268256817,0.1411200080598672,-0.27941549819892586,-0.9999902065507035,-0.750987246771676],[-0.9589242746631385,-0.27941549819892586,0.4121184852417566,0.9906073556948704,0.8366556385360561],[-0.5440211108893698,-0.9999902065507035,0.9906073556948704,0.14987720966295234,0.7625584504796027],[-0.9613974918795568,-0.750987246771676,0.8366556385360561,0.7625584504796027,0.9999118601072672]],[[-0.7568024953079282,-0.9589242746631385,0.9893582466233818,0.4201670368266409,0.9129452507276277],[-0.9589242746631385,-0.27941549819892586,0.4121184852417566,0.9906073556948704,0.8366556385360561],[0.9893582466233818,0.4121184852417566,-0.5365729180004349,-0.9613974918795568,-0.9055783620066239],[0.4201670368266409,0.9906073556948704,-0.9613974918795568,-0.008851309290403876,-0.6636338842129675],[0.9129452507276277,0.8366556385360561,-0.9055783620066239,-0.6636338842129675,-0.9917788534431158]],[[0.4121184852417566,-0.5440211108893698,0.4201670368266409,-0.750987246771676,-0.13235175009777303],[-0.5440211108893698,-0.9999902065507035,0.9906073556948704,0.14987720966295234,0.7625584504796027],[0.4201670368266409,0.9906073556948704,-0.9613974918795568,-0.008851309290403876,-0.6636338842129675],[-0.750987246771676,0.14987720966295234,-0.008851309290403876,0.956375928404503,0.5290826861200238],[-0.13235175009777303,0.7625584504796027,-0.6636338842129675,0.5290826861200238,-0.158622668804709]],[[-0.2879033166650653,-0.9613974918795568,0.9129452507276277,-0.13235175009777303,0.5514266812416906],[-0.9613974918795568,-0.750987246771676,0.8366556385360561,0.7625584504796027,0.9999118601072672],[0.9129452507276277,0.8366556385360561,-0.9055783620066239,-0.6636338842129675,-0.9917788534431158],[-0.13235175009777303,0.7625584504796027,-0.6636338842129675,0.5290826861200238,-0.158622668804709],[0.5514266812416906,0.9999118601072672,-0.9917788534431158,-0.158622668804709,-0.7682546613236668]],[[0.0,0.8414709848078965,-0.7568024953079282,0.4121184852417566,-0.2879033166650653],[0.8414709848078965,0.9092974268256817,-0.9589242746631385,-0.5440211108893698,-0.9613974918795568],[-0.7568024953079282,-0.9589242746631385,0.9893582466233818,0.4201670368266409,0.9129452507276277],[0.4121184852417566,-0.5440211108893698,0.4201670368266409,-0.750987246771676,-0.13235175009777303],[-0.2879033166650653,-0.9613974918795568,0.9129452507276277,-0.13235175009777303,0.5514266812416906]],[[0.8414709848078965,0.9092974268256817,-0.9589242746631385,-0.5440211108893698,-0.9613974918795568],[0.9092974268256817,0.1411200080598672,-0.27941549819892586,-0.9999902065507035,-0.750987246771676],[-0.9589242746631385,-0.27941549819892586,0.4121184852417566,0.9906073556948704,0.8366556385360561],[-0.5440211108893698,-0.9999902065507035,0.9906073556948704,0.14987720966295234,0.7625584504796027],[-0.9613974918795568,-0.750987246771676,0.8366556385360561,0.7625584504796027,0.9999118601072672]],[[-0.7568024953079282,-0.9589242746631385,0.9893582466233818,0.4201670368266409,0.9129452507276277],[-0.9589242746631385,-0.27941549819892586,0.4121184852417566,0.9906073556948704,0.8366556385360561],[0.9893582466233818,0.4121184852417566,-0.5365729180004349,-0.9613974918795568,-0.9055783620066239],[0.4201670368266409,0.9906073556948704,-0.9613974918795568,-0.008851309290403876,-0.6636338842129675],[0.9129452507276277,0.8366556385360561,-0.9055783620066239,-0.6636338842129675,-0.9917788534431158]],[[0.4121184852417566,-0.5440211108893698,0.4201670368266409,-0.750987246771676,-0.13235175009777303],[-0.5440211108893698,-0.9999902065507035,0.9906073556948704,0.14987720966295234,0.7625584504796027],[0.4201670368266409,0.9906073556948704,-0.9613974918795568,-0.008851309290403876,-0.6636338842129675],[-0.750987246771676,0.14987720966295234,-0.008851309290403876,0.956375928404503,0.5290826861200238],[-0.13235175009777303,0.7625584504796027,-0.6636338842129675,0.5290826861200238,-0.158622668804709]],[[-0.2879033166650653,-0.9613974918795568,0.9129452507276277,-0.13235175009777303,0.5514266812416906],[-0.9613974918795568,-0.750987246771676,0.8366556385360561,0.7625584504796027,0.9999118601072672],[0.9129452507276277,0.8366556385360561,-0.9055783620066239,-0.6636338842129675,-0.9917788534431158],[-0.13235175009777303,0.7625584504796027,-0.6636338842129675,0.5290826861200238,-0.158622668804709],[0.5514266812416906,0.9999118601072672,-0.9917788534431158,-0.158622668804709,-0.7682546613236668]],[[0.0,0.8414709848078965,-0.7568024953079282,0.4121184852417566,-0.2879033166650653],[0.8414709848078965,0.9092974268256817,-0.9589242746631385,-0.5440211108893698,-0.9613974918795568],[-0.7568024953079282,-0.9589242746631385,0.9893582466233818,0.4201670368266409,0.9129452507276277],[0.4121184852417566,-0.5440211108893698,0.4201670368266409,-0.750987246771676,-0.13235175009777303],[-0.2879033166650653,-0.9613974918795568,0.9129452507276277,-0.13235175009777303,0.5514266812416906]],[[0.8414709848078965,0.9092974268256817,-0.9589242746631385,-0.5440211108893698,-0.9613974918795568],[0.9092974268256817,0.1411200080598672,-0.27941549819892586,-0.9999902065507035,-0.750987246771676],[-0.9589242746631385,-0.27941549819892586,0.4121184852417566,0.9906073556948704,0.8366556385360561],[-0.5440211108893698,-0.9999902065507035,0.9906073556948704,0.14987720966295234,0.7625584504796027],[-0.9613974918795568,-0.750987246771676,0.8366556385360561,0.7625584504796027,0.9999118601072672]],[[-0.7568024953079282,-0.9589242746631385,0.9893582466233818,0.4201670368266409,0.9129452507276277],[-0.9589242746631385,-0.27941549819892586,0.4121184852417566,0.9906073556948704,0.8366556385360561],[0.9893582466233818,0.4121184852417566,-0.5365729180004349,-0.9613974918795568,-0.9055783620066239],[0.4201670368266409,0.9906073556948704,-0.9613974918795568,-0.008851309290403876,-0.6636338842129675],[0.9129452507276277,0.8366556385360561,-0.9055783620066239,-0.6636338842129675,-0.9917788534431158]],[[0.4121184852417566,-0.5440211108893698,0.4201670368266409,-0.750987246771676,-0.13235175009777303],[-0.5440211108893698,-0.9999902065507035,0.9906073556948704,0.14987720966295234,0.7625584504796027],[0.4201670368266409,0.9906073556948704,-0.9613974918795568,-0.008851309290403876,-0.6636338842129675],[-0.750987246771676,0.14987720966295234,-0.008851309290403876,0.956375928404503,0.5290826861200238],[-0.13235175009777303,0.7625584504796027,-0.6636338842129675,0.5290826861200238,-0.158622668804709]],[[-0.2879033166650653,-0.9613974918795568,0.9129452507276277,-0.13235175009777303,0.5514266812416906],[-0.9613974918795568,-0.750987246771676,0.8366556385360561,0.7625584504796027,0.9999118601072672],[0.9129452507276277,0.8366556385360561,-0.9055783620066239,-0.6636338842129675,-0.9917788534431158],[-0.13235175009777303,0.7625584504796027,-0.6636338842129675,0.5290826861200238,-0.158622668804709],[0.5514266812416906,0.9999118601072672,-0.9917788534431158,-0.158622668804709,-0.7682546613236668]],[[0.0,0.8414709848078965,-0.7568024953079282,0.4121184852417566,-0.2879033166650653],[0.8414709848078965,0.9092974268256817,-0.9589242746631385,-0.5440211108893698,-0.9613974918795568],[-0.7568024953079282,-0.9589242746631385,0.9893582466233818,0.4201670368266409,0.9129452507276277],[0.4121184852417566,-0.5440211108893698,0.4201670368266409,-0.750987246771676,-0.13235175009777303],[-0.2879033166650653,-0.9613974918795568,0.9129452507276277,-0.13235175009777303,0.5514266812416906]],[[0.8414709848078965,0.9092974268256817,-0.9589242746631385,-0.5440211108893698,-0.9613974918795568],[0.9092974268256817,0.1411200080598672,-0.27941549819892586,-0.9999902065507035,-0.750987246771676],[-0.9589242746631385,-0.27941549819892586,0.4121184852417566,0.9906073556948704,0.8366556385360561],[-0.5440211108893698,-0.9999902065507035,0.9906073556948704,0.14987720966295234,0.7625584504796027],[-0.9613974918795568,-0.750987246771676,0.8366556385360561,0.7625584504796027,0.9999118601072672]],[[-0.7568024953079282,-0.9589242746631385,0.9893582466233818,0.4201670368266409,0.9129452507276277],[-0.9589242746631385,-0.27941549819892586,0.4121184852417566,0.9906073556948704,0.8366556385360561],[0.9893582466233818,0.4121184852417566,-0.5365729180004349,-0.9613974918795568,-0.9055783620066239],[0.4201670368266409,0.9906073556948704,-0.9613974918795568,-0.008851309290403876,-0.6636338842129675],[0.9129452507276277,0.8366556385360561,-0.9055783620066239,-0.6636338842129675,-0.9917788534431158]],[[0.4121184852417566,-0.5440211108893698,0.4201670368266409,-0.750987246771676,-0.13235175009777303],[-0.5440211108893698,-0.9999902065507035,0.9906073556948704,0.14987720966295234,0.7625584504796027],[0.4201670368266409,0.9906073556948704,-0.9613974918795568,-0.008851309290403876,-0.6636338842129675],[-0.750987246771676,0.14987720966295234,-0.008851309290403876,0.956375928404503,0.5290826861200238],[-0.13235175009777303,0.7625584504796027,-0.6636338842129675,0.5290826861200238,-0.158622668804709]],[[-0.2879033166650653,-0.9613974918795568,0.9129452507276277,-0.13235175009777303,0.5514266812416906],[-0.9613974918795568,-0.750987246771676,0.8366556385360561,0.7625584504796027,0.9999118601072672],[0.9129452507276277,0.8366556385360561,-0.9055783620066239,-0.6636338842129675,-0.9917788534431158],[-0.13235175009777303,0.7625584504796027,-0.6636338842129675,0.5290826861200238,-0.158622668804709],[0.5514266812416906,0.9999118601072672,-0.9917788534431158,-0.158622668804709,-0.7682546613236668]],[[0.0,0.8414709848078965,-0.7568024953079282,0.4121184852417566,-0.2879033166650653],[0.8414709848078965,0.9092974268256817,-0.9589242746631385,-0.5440211108893698,-0.9613974918795568],[-0.7568024953079282,-0.9589242746631385,0.9893582466233818,0.4201670368266409,0.9129452507276277],[0.4121184852417566,-0.5440211108893698,0.4201670368266409,-0.750987246771676,-0.13235175009777303],[-0.2879033166650653,-0.9613974918795568,0.9129452507276277,-0.13235175009777303,0.5514266812416906]],[[0.8414709848078965,0.9092974268256817,-0.9589242746631385,-0.5440211108893698,-0.9613974918795568],[0.9092974268256817,0.1411200080598672,-0.27941549819892586,-0.9999902065507035,-0.750987246771676],[-0.9589242746631385,-0.27941549819892586,0.4121184852417566,0.9906073556948704,0.8366556385360561],[-0.5440211108893698,-0.9999902065507035,0.9906073556948704,0.14987720966295234,0.7625584504796027],[-0.9613974918795568,-0.750987246771676,0.8366556385360561,0.7625584504796027,0.9999118601072672]],[[-0.7568024953079282,-0.9589242746631385,0.9893582466233818,0.4201670368266409,0.9129452507276277],[-0.9589242746631385,-0.27941549819892586,0.4121184852417566,0.9906073556948704,0.8366556385360561],[0.9893582466233818,0.4121184852417566,-0.5365729180004349,-0.9613974918795568,-0.9055783620066239],[0.4201670368266409,0.9906073556948704,-0.9613974918795568,-0.008851309290403876,-0.6636338842129675],[0.9129452507276277,0.8366556385360561,-0.9055783620066239,-0.6636338842129675,-0.9917788534431158]],[[0.4121184852417566,-0.5440211108893698,0.4201670368266409,-0.750987246771676,-0.13235175009777303],[-0.5440211108893698,-0.9999902065507035,0.9906073556948704,0.14987720966295234,0.7625584504796027],[0.4201670368266409,0.9906073556948704,-0.9613974918795568,-0.008851309290403876,-0.6636338842129675],[-0.750987246771676,0.14987720966295234,-0.008851309290403876,0.956375928404503,0.5290826861200238],[-0.13235175009777303,0.7625584504796027,-0.6636338842129675,0.5290826861200238,-0.158622668804709]],[[-0.2879033166650653,-0.9613974918795568,0.9129452507276277,-0.13235175009777303,0.5514266812416906],[-0.9613974918795568,-0.750987246771676,0.8366556385360561,0.7625584504796027,0.9999118601072672],[0.9129452507276277,0.8366556385360561,-0.9055783620066239,-0.6636338842129675,-0.9917788534431158],[-0.13235175009777303,0.7625584504796027,-0.6636338842129675,0.5290826861200238,-0.158622668804709],[0.5514266812416906,0.9999118601072672,-0.9917788534431158,-0.158622668804709,-0.7682546613236668]],[[0.0,0.8414709848078965,-0.7568024953079282,0.4121184852417566,-0.2879033166650653],[0.8414709848078965,0.9092974268256817,-0.9589242746631385,-0.5440211108893698,-0.9613974918795568],[-0.7568024953079282,-0.9589242746631385,0.9893582466233818,0.4201670368266409,0.9129452507276277],[0.4121184852417566,-0.5440211108893698,0.4201670368266409,-0.750987246771676,-0.13235175009777303],[-0.2879033166650653,-0.9613974918795568,0.9129452507276277,-0.13235175009777303,0.5514266812416906]],[[0.8414709848078965,0.9092974268256817,-0.9589242746631385,-0.5440211108893698,-0.9613974918795568],[0.9092974268256817,0.1411200080598672,-0.27941549819892586,-0.9999902065507035,-0.750987246771676],[-0.9589242746631385,-0.27941549819892586,0.4121184852417566,0.9906073556948704,0.8366556385360561],[-0.5440211108893698,-0.9999902065507035,0.9906073556948704,0.14987720966295234,0.7625584504796027],[-0.9613974918795568,-0.750987246771676,0.8366556385360561,0.7625584504796027,0.9999118601072672]],[[-0.7568024953079282,-0.9589242746631385,0.9893582466233818,0.4201670368266409,0.9129452507276277],[-0.9589242746631385,-0.27941549819892586,0.4121184852417566,0.9906073556948704,0.8366556385360561],[0.9893582466233818,0.4121184852417566,-0.5365729180004349,-0.9613974918795568,-0.9055783620066239],[0.4201670368266409,0.9906073556948704,-0.9613974918795568,-0.008851309290403876,-0.6636338842129675],[0.9129452507276277,0.8366556385360561,-0.9055783620066239,-0.6636338842129675,-0.9917788534431158]],[[0.4121184852417566,-0.5440211108893698,0.4201670368266409,-0.750987246771676,-0.13235175009777303],[-0.5440211108893698,-0.9999902065507035,0.9906073556948704,0.14987720966295234,0.7625584504796027],[0.4201670368266409,0.9906073556948704,-0.9613974918795568,-0.008851309290403876,-0.6636338842129675],[-0.750987246771676,0.14987720966295234,-0.008851309290403876,0.956375928404503,0.5290826861200238],[-0.13235175009777303,0.7625584504796027,-0.6636338842129675,0.5290826861200238,-0.158622668804709]],[[-0.2879033166650653,-0.9613974918795568,0.9129452507276277,-0.13235175009777303,0.5514266812416906],[-0.9613974918795568,-0.750987246771676,0.8366556385360561,0.7625584504796027,0.9999118601072672],[0.9129452507276277,0.8366556385360561,-0.9055783620066239,-0.6636338842129675,-0.9917788534431158],[-0.13235175009777303,0.7625584504796027,-0.6636338842129675,0.5290826861200238,-0.158622668804709],[0.5514266812416906,0.9999118601072672,-0.9917788534431158,-0.158622668804709,-0.7682546613236668]],[[0.0,0.8414709848078965,-0.7568024953079282,0.4121184852417566,-0.2879033166650653],[0.8414709848078965,0.9092974268256817,-0.9589242746631385,-0.5440211108893698,-0.9613974918795568],[-0.7568024953079282,-0.9589242746631385,0.9893582466233818,0.4201670368266409,0.9129452507276277],[0.4121184852417566,-0.5440211108893698,0.4201670368266409,-0.750987246771676,-0.13235175009777303],[-0.2879033166650653,-0.9613974918795568,0.9129452507276277,-0.13235175009777303,0.5514266812416906]],[[0.8414709848078965,0.9092974268256817,-0.9589242746631385,-0.5440211108893698,-0.9613974918795568],[0.9092974268256817,0.1411200080598672,-0.27941549819892586,-0.9999902065507035,-0.750987246771676],[-0.9589242746631385,-0.27941549819892586,0.4121184852417566,0.9906073556948704,0.8366556385360561],[-0.5440211108893698,-0.9999902065507035,0.9906073556948704,0.14987720966295234,0.7625584504796027],[-0.9613974918795568,-0.750987246771676,0.8366556385360561,0.7625584504796027,0.9999118601072672]],[[-0.7568024953079282,-0.9589242746631385,0.9893582466233818,0.4201670368266409,0.9129452507276277],[-0.9589242746631385,-0.27941549819892586,0.4121184852417566,0.9906073556948704,0.8366556385360561],[0.9893582466233818,0.4121184852417566,-0.5365729180004349,-0.9613974918795568,-0.9055783620066239],[0.4201670368266409,0.9906073556948704,-0.9613974918795568,-0.008851309290403876,-0.6636338842129675],[0.9129452507276277,0.8366556385360561,-0.9055783620066239,-0.6636338842129675,-0.9917788534431158]],[[0.4121184852417566,-0.5440211108893698,0.4201670368266409,-0.750987246771676,-0.13235175009777303],[-0.5440211108893698,-0.9999902065507035,0.9906073556948704,0.14987720966295234,0.7625584504796027],[0.4201670368266409,0.9906073556948704,-0.9613974918795568,-0.008851309290403876,-0.6636338842129675],[-0.750987246771676,0.14987720966295234,-0.008851309290403876,0.956375928404503,0.5290826861200238],[-0.13235175009777303,0.7625584504796027,-0.6636338842129675,0.5290826861200238,-0.158622668804709]],[[-0.2879033166650653,-0.9613974918795568,0.9129452507276277,-0.13235175009777303,0.5514266812416906],[-0.9613974918795568,-0.750987246771676,0.8366556385360561,0.7625584504796027,0.9999118601072672],[0.9129452507276277,0.8366556385360561,-0.9055783620066239,-0.6636338842129675,-0.9917788534431158],[-0.13235175009777303,0.7625584504796027,-0.6636338842129675,0.5290826861200238,-0.158622668804709],[0.5514266812416906,0.9999118601072672,-0.9917788534431158,-0.158622668804709,-0.7682546613236668]],[[0.0,0.8414709848078965,-0.7568024953079282,0.4121184852417566,-0.2879033166650653],[0.8414709848078965,0.9092974268256817,-0.9589242746631385,-0.5440211108893698,-0.9613974918795568],[-0.7568024953079282,-0.9589242746631385,0.9893582466233818,0.4201670368266409,0.9129452507276277],[0.4121184852417566,-0.5440211108893698,0.4201670368266409,-0.750987246771676,-0.13235175009777303],[-0.2879033166650653,-0.9613974918795568,0.9129452507276277,-0.13235175009777303,0.5514266812416906]],[[0.8414709848078965,0.9092974268256817,-0.9589242746631385,-0.5440211108893698,-0.9613974918795568],[0.9092974268256817,0.1411200080598672,-0.27941549819892586,-0.9999902065507035,-0.750987246771676],[-0.9589242746631385,-0.27941549819892586,0.4121184852417566,0.9906073556948704,0.8366556385360561],[-0.5440211108893698,-0.9999902065507035,0.9906073556948704,0.14987720966295234,0.7625584504796027],[-0.9613974918795568,-0.750987246771676,0.8366556385360561,0.7625584504796027,0.9999118601072672]],[[-0.7568024953079282,-0.9589242746631385,0.9893582466233818,0.4201670368266409,0.9129452507276277],[-0.9589242746631385,-0.27941549819892586,0.4121184852417566,0.9906073556948704,0.8366556385360561],[0.9893582466233818,0.4121184852417566,-0.5365729180004349,-0.9613974918795568,-0.9055783620066239],[0.4201670368266409,0.9906073556948704,-0.9613974918795568,-0.008851309290403876,-0.6636338842129675],[0.9129452507276277,0.8366556385360561,-0.9055783620066239,-0.6636338842129675,-0.9917788534431158]],[[0.4121184852417566,-0.5440211108893698,0.4201670368266409,-0.750987246771676,-0.13235175009777303],[-0.5440211108893698,-0.9999902065507035,0.9906073556948704,0.14987720966295234,0.7625584504796027],[0.4201670368266409,0.9906073556948704,-0.9613974918795568,-0.008851309290403876,-0.6636338842129675],[-0.750987246771676,0.14987720966295234,-0.008851309290403876,0.956375928404503,0.5290826861200238],[-0.13235175009777303,0.7625584504796027,-0.6636338842129675,0.5290826861200238,-0.158622668804709]],[[-0.2879033166650653,-0.9613974918795568,0.9129452507276277,-0.13235175009777303,0.5514266812416906],[-0.9613974918795568,-0.750987246771676,0.8366556385360561,0.7625584504796027,0.9999118601072672],[0.9129452507276277,0.8366556385360561,-0.9055783620066239,-0.6636338842129675,-0.9917788534431158],[-0.13235175009777303,0.7625584504796027,-0.6636338842129675,0.5290826861200238,-0.158622668804709],[0.5514266812416906,0.9999118601072672,-0.9917788534431158,-0.158622668804709,-0.7682546613236668]],[[0.0,0.8414709848078965,-0.7568024953079282,0.4121184852417566,-0.2879033166650653],[0.8414709848078965,0.9092974268256817,-0.9589242746631385,-0.5440211108893698,-0.9613974918795568],[-0.7568024953079282,-0.9589242746631385,0.9893582466233818,0.4201670368266409,0.9129452507276277],[0.4121184852417566,-0.5440211108893698,0.4201670368266409,-0.750987246771676,-0.13235175009777303],[-0.2879033166650653,-0.9613974918795568,0.9129452507276277,-0.13235175009777303,0.5514266812416906]],[[0.8414709848078965,0.9092974268256817,-0.9589242746631385,-0.5440211108893698,-0.9613974918795568],[0.9092974268256817,0.1411200080598672,-0.27941549819892586,-0.9999902065507035,-0.750987246771676],[-0.9589242746631385,-0.27941549819892586,0.4121184852417566,0.9906073556948704,0.8366556385360561],[-0.5440211108893698,-0.9999902065507035,0.9906073556948704,0.14987720966295234,0.7625584504796027],[-0.9613974918795568,-0.750987246771676,0.8366556385360561,0.7625584504796027,0.9999118601072672]],[[-0.7568024953079282,-0.9589242746631385,0.9893582466233818,0.4201670368266409,0.9129452507276277],[-0.9589242746631385,-0.27941549819892586,0.4121184852417566,0.9906073556948704,0.8366556385360561],[0.9893582466233818,0.4121184852417566,-0.5365729180004349,-0.9613974918795568,-0.9055783620066239],[0.4201670368266409,0.9906073556948704,-0.9613974918795568,-0.008851309290403876,-0.6636338842129675],[0.9129452507276277,0.8366556385360561,-0.9055783620066239,-0.6636338842129675,-0.9917788534431158]],[[0.4121184852417566,-0.5440211108893698,0.4201670368266409,-0.750987246771676,-0.13235175009777303],[-0.5440211108893698,-0.9999902065507035,0.9906073556948704,0.14987720966295234,0.7625584504796027],[0.4201670368266409,0.9906073556948704,-0.9613974918795568,-0.008851309290403876,-0.6636338842129675],[-0.750987246771676,0.14987720966295234,-0.008851309290403876,0.956375928404503,0.5290826861200238],[-0.13235175009777303,0.7625584504796027,-0.6636338842129675,0.5290826861200238,-0.158622668804709]],[[-0.2879033166650653,-0.9613974918795568,0.9129452507276277,-0.13235175009777303,0.5514266812416906],[-0.9613974918795568,-0.750987246771676,0.8366556385360561,0.7625584504796027,0.9999118601072672],[0.9129452507276277,0.8366556385360561,-0.9055783620066239,-0.6636338842129675,-0.9917788534431158],[-0.13235175009777303,0.7625584504796027,-0.6636338842129675,0.5290826861200238,-0.158622668804709],[0.5514266812416906,0.9999118601072672,-0.9917788534431158,-0.158622668804709,-0.7682546613236668]],[[0.0,0.8414709848078965,-0.7568024953079282,0.4121184852417566,-0.2879033166650653],[0.8414709848078965,0.9092974268256817,-0.9589242746631385,-0.5440211108893698,-0.9613974918795568],[-0.7568024953079282,-0.9589242746631385,0.9893582466233818,0.4201670368266409,0.9129452507276277],[0.4121184852417566,-0.5440211108893698,0.4201670368266409,-0.750987246771676,-0.13235175009777303],[-0.2879033166650653,-0.9613974918795568,0.9129452507276277,-0.13235175009777303,0.5514266812416906]],[[0.8414709848078965,0.9092974268256817,-0.9589242746631385,-0.5440211108893698,-0.9613974918795568],[0.9092974268256817,0.1411200080598672,-0.27941549819892586,-0.9999902065507035,-0.750987246771676],[-0.9589242746631385,-0.27941549819892586,0.4121184852417566,0.9906073556948704,0.8366556385360561],[-0.5440211108893698,-0.9999902065507035,0.9906073556948704,0.14987720966295234,0.7625584504796027],[-0.9613974918795568,-0.750987246771676,0.8366556385360561,0.7625584504796027,0.9999118601072672]],[[-0.7568024953079282,-0.9589242746631385,0.9893582466233818,0.4201670368266409,0.9129452507276277],[-0.9589242746631385,-0.27941549819892586,0.4121184852417566,0.9906073556948704,0.8366556385360561],[0.9893582466233818,0.4121184852417566,-0.5365729180004349,-0.9613974918795568,-0.9055783620066239],[0.4201670368266409,0.9906073556948704,-0.9613974918795568,-0.008851309290403876,-0.6636338842129675],[0.9129452507276277,0.8366556385360561,-0.9055783620066239,-0.6636338842129675,-0.9917788534431158]],[[0.4121184852417566,-0.5440211108893698,0.4201670368266409,-0.750987246771676,-0.13235175009777303],[-0.5440211108893698,-0.9999902065507035,0.9906073556948704,0.14987720966295234,0.7625584504796027],[0.4201670368266409,0.9906073556948704,-0.9613974918795568,-0.008851309290403876,-0.6636338842129675],[-0.750987246771676,0.14987720966295234,-0.008851309290403876,0.956375928404503,0.5290826861200238],[-0.13235175009777303,0.7625584504796027,-0.6636338842129675,0.5290826861200238,-0.158622668804709]],[[-0.2879033166650653,-0.9613974918795568,0.9129452507276277,-0.13235175009777303,0.5514266812416906],[-0.9613974918795568,-0.750987246771676,0.8366556385360561,0.7625584504796027,0.9999118601072672],[0.9129452507276277,0.8366556385360561,-0.9055783620066239,-0.6636338842129675,-0.9917788534431158],[-0.13235175009777303,0.7625584504796027,-0.6636338842129675,0.5290826861200238,-0.158622668804709],[0.5514266812416906,0.9999118601072672,-0.9917788534431158,-0.158622668804709,-0.7682546613236668]],[[0.0,0.8414709848078965,-0.7568024953079282,0.4121184852417566,-0.2879033166650653],[0.8414709848078965,0.9092974268256817,-0.9589242746631385,-0.5440211108893698,-0.9613974918795568],[-0.7568024953079282,-0.9589242746631385,0.9893582466233818,0.4201670368266409,0.9129452507276277],[0.4121184852417566,-0.5440211108893698,0.4201670368266409,-0.750987246771676,-0.13235175009777303],[-0.2879033166650653,-0.9613974918795568,0.9129452507276277,-0.13235175009777303,0.5514266812416906]],[[0.8414709848078965,0.9092974268256817,-0.9589242746631385,-0.5440211108893698,-0.9613974918795568],[0.9092974268256817,0.1411200080598672,-0.27941549819892586,-0.9999902065507035,-0.750987246771676],[-0.9589242746631385,-0.27941549819892586,0.4121184852417566,0.9906073556948704,0.8366556385360561],[-0.5440211108893698,-0.9999902065507035,0.9906073556948704,0.14987720966295234,0.7625584504796027],[-0.9613974918795568,-0.750987246771676,0.8366556385360561,0.7625584504796027,0.9999118601072672]],[[-0.7568024953079282,-0.9589242746631385,0.9893582466233818,0.4201670368266409,0.9129452507276277],[-0.9589242746631385,-0.27941549819892586,0.4121184852417566,0.9906073556948704,0.8366556385360561],[0.9893582466233818,0.4121184852417566,-0.5365729180004349,-0.9613974918795568,-0.9055783620066239],[0.4201670368266409,0.9906073556948704,-0.9613974918795568,-0.008851309290403876,-0.6636338842129675],[0.9129452507276277,0.8366556385360561,-0.9055783620066239,-0.6636338842129675,-0.9917788534431158]],[[0.4121184852417566,-0.5440211108893698,0.4201670368266409,-0.750987246771676,-0.13235175009777303],[-0.5440211108893698,-0.9999902065507035,0.9906073556948704,0.14987720966295234,0.7625584504796027],[0.4201670368266409,0.9906073556948704,-0.9613974918795568,-0.008851309290403876,-0.6636338842129675],[-0.750987246771676,0.14987720966295234,-0.008851309290403876,0.956375928404503,0.5290826861200238],[-0.13235175009777303,0.7625584504796027,-0.6636338842129675,0.5290826861200238,-0.158622668804709]],[[-0.2879033166650653,-0.9613974918795568,0.9129452507276277,-0.13235175009777303,0.5514266812416906],[-0.9613974918795568,-0.750987246771676,0.8366556385360561,0.7625584504796027,0.9999118601072672],[0.9129452507276277,0.8366556385360561,-0.9055783620066239,-0.6636338842129675,-0.9917788534431158],[-0.13235175009777303,0.7625584504796027,-0.6636338842129675,0.5290826861200238,-0.158622668804709],[0.5514266812416906,0.9999118601072672,-0.9917788534431158,-0.158622668804709,-0.7682546613236668]],[[0.0,0.8414709848078965,-0.7568024953079282,0.4121184852417566,-0.2879033166650653],[0.8414709848078965,0.9092974268256817,-0.9589242746631385,-0.5440211108893698,-0.9613974918795568],[-0.7568024953079282,-0.9589242746631385,0.9893582466233818,0.4201670368266409,0.9129452507276277],[0.4121184852417566,-0.5440211108893698,0.4201670368266409,-0.750987246771676,-0.13235175009777303],[-0.2879033166650653,-0.9613974918795568,0.9129452507276277,-0.13235175009777303,0.5514266812416906]],[[0.8414709848078965,0.9092974268256817,-0.9589242746631385,-0.5440211108893698,-0.9613974918795568],[0.9092974268256817,0.1411200080598672,-0.27941549819892586,-0.9999902065507035,-0.750987246771676],[-0.9589242746631385,-0.27941549819892586,0.4121184852417566,0.9906073556948704,0.8366556385360561],[-0.5440211108893698,-0.9999902065507035,0.9906073556948704,0.14987720966295234,0.7625584504796027],[-0.9613974918795568,-0.750987246771676,0.8366556385360561,0.7625584504796027,0.9999118601072672]],[[-0.7568024953079282,-0.9589242746631385,0.9893582466233818,0.4201670368266409,0.9129452507276277],[-0.9589242746631385,-0.27941549819892586,0.4121184852417566,0.9906073556948704,0.8366556385360561],[0.9893582466233818,0.4121184852417566,-0.5365729180004349,-0.9613974918795568,-0.9055783620066239],[0.4201670368266409,0.9906073556948704,-0.9613974918795568,-0.008851309290403876,-0.6636338842129675],[0.9129452507276277,0.8366556385360561,-0.9055783620066239,-0.6636338842129675,-0.9917788534431158]],[[0.4121184852417566,-0.5440211108893698,0.4201670368266409,-0.750987246771676,-0.13235175009777303],[-0.5440211108893698,-0.9999902065507035,0.9906073556948704,0.14987720966295234,0.7625584504796027],[0.4201670368266409,0.9906073556948704,-0.9613974918795568,-0.008851309290403876,-0.6636338842129675],[-0.750987246771676,0.14987720966295234,-0.008851309290403876,0.956375928404503,0.5290826861200238],[-0.13235175009777303,0.7625584504796027,-0.6636338842129675,0.5290826861200238,-0.158622668804709]],[[-0.2879033166650653,-0.9613974918795568,0.9129452507276277,-0.13235175009777303,0.5514266812416906],[-0.9613974918795568,-0.750987246771676,0.8366556385360561,0.7625584504796027,0.9999118601072672],[0.9129452507276277,0.8366556385360561,-0.9055783620066239,-0.6636338842129675,-0.9917788534431158],[-0.13235175009777303,0.7625584504796027,-0.6636338842129675,0.5290826861200238,-0.158622668804709],[0.5514266812416906,0.9999118601072672,-0.9917788534431158,-0.158622668804709,-0.7682546613236668]],[[0.0,0.8414709848078965,-0.7568024953079282,0.4121184852417566,-0.2879033166650653],[0.8414709848078965,0.9092974268256817,-0.9589242746631385,-0.5440211108893698,-0.9613974918795568],[-0.7568024953079282,-0.9589242746631385,0.9893582466233818,0.4201670368266409,0.9129452507276277],[0.4121184852417566,-0.5440211108893698,0.4201670368266409,-0.750987246771676,-0.13235175009777303],[-0.2879033166650653,-0.9613974918795568,0.9129452507276277,-0.13235175009777303,0.5514266812416906]],[[0.8414709848078965,0.9092974268256817,-0.9589242746631385,-0.5440211108893698,-0.9613974918795568],[0.9092974268256817,0.1411200080598672,-0.27941549819892586,-0.9999902065507035,-0.750987246771676],[-0.9589242746631385,-0.27941549819892586,0.4121184852417566,0.9906073556948704,0.8366556385360561],[-0.5440211108893698,-0.9999902065507035,0.9906073556948704,0.14987720966295234,0.7625584504796027],[-0.9613974918795568,-0.750987246771676,0.8366556385360561,0.7625584504796027,0.9999118601072672]],[[-0.7568024953079282,-0.9589242746631385,0.9893582466233818,0.4201670368266409,0.9129452507276277],[-0.9589242746631385,-0.27941549819892586,0.4121184852417566,0.9906073556948704,0.8366556385360561],[0.9893582466233818,0.4121184852417566,-0.5365729180004349,-0.9613974918795568,-0.9055783620066239],[0.4201670368266409,0.9906073556948704,-0.9613974918795568,-0.008851309290403876,-0.6636338842129675],[0.9129452507276277,0.8366556385360561,-0.9055783620066239,-0.6636338842129675,-0.9917788534431158]],[[0.4121184852417566,-0.5440211108893698,0.4201670368266409,-0.750987246771676,-0.13235175009777303],[-0.5440211108893698,-0.9999902065507035,0.9906073556948704,0.14987720966295234,0.7625584504796027],[0.4201670368266409,0.9906073556948704,-0.9613974918795568,-0.008851309290403876,-0.6636338842129675],[-0.750987246771676,0.14987720966295234,-0.008851309290403876,0.956375928404503,0.5290826861200238],[-0.13235175009777303,0.7625584504796027,-0.6636338842129675,0.5290826861200238,-0.158622668804709]],[[-0.2879033166650653,-0.9613974918795568,0.9129452507276277,-0.13235175009777303,0.5514266812416906],[-0.9613974918795568,-0.750987246771676,0.8366556385360561,0.7625584504796027,0.9999118601072672],[0.9129452507276277,0.8366556385360561,-0.9055783620066239,-0.6636338842129675,-0.9917788534431158],[-0.13235175009777303,0.7625584504796027,-0.6636338842129675,0.5290826861200238,-0.158622668804709],[0.5514266812416906,0.9999118601072672,-0.9917788534431158,-0.158622668804709,-0.7682546613236668]],[[0.0,0.8414709848078965,-0.7568024953079282,0.4121184852417566,-0.2879033166650653],[0.8414709848078965,0.9092974268256817,-0.9589242746631385,-0.5440211108893698,-0.9613974918795568],[-0.7568024953079282,-0.9589242746631385,0.9893582466233818,0.4201670368266409,0.9129452507276277],[0.4121184852417566,-0.5440211108893698,0.4201670368266409,-0.750987246771676,-0.13235175009777303],[-0.2879033166650653,-0.9613974918795568,0.9129452507276277,-0.13235175009777303,0.5514266812416906]],[[0.8414709848078965,0.9092974268256817,-0.9589242746631385,-0.5440211108893698,-0.9613974918795568],[0.9092974268256817,0.1411200080598672,-0.27941549819892586,-0.9999902065507035,-0.750987246771676],[-0.9589242746631385,-0.27941549819892586,0.4121184852417566,0.9906073556948704,0.8366556385360561],[-0.5440211108893698,-0.9999902065507035,0.9906073556948704,0.14987720966295234,0.7625584504796027],[-0.9613974918795568,-0.750987246771676,0.8366556385360561,0.7625584504796027,0.9999118601072672]],[[-0.7568024953079282,-0.9589242746631385,0.9893582466233818,0.4201670368266409,0.9129452507276277],[-0.9589242746631385,-0.27941549819892586,0.4121184852417566,0.9906073556948704,0.8366556385360561],[0.9893582466233818,0.4121184852417566,-0.5365729180004349,-0.9613974918795568,-0.9055783620066239],[0.4201670368266409,0.9906073556948704,-0.9613974918795568,-0.008851309290403876,-0.6636338842129675],[0.9129452507276277,0.8366556385360561,-0.9055783620066239,-0.6636338842129675,-0.9917788534431158]],[[0.4121184852417566,-0.5440211108893698,0.4201670368266409,-0.750987246771676,-0.13235175009777303],[-0.5440211108893698,-0.9999902065507035,0.9906073556948704,0.14987720966295234,0.7625584504796027],[0.4201670368266409,0.9906073556948704,-0.9613974918795568,-0.008851309290403876,-0.6636338842129675],[-0.750987246771676,0.14987720966295234,-0.008851309290403876,0.956375928404503,0.5290826861200238],[-0.13235175009777303,0.7625584504796027,-0.6636338842129675,0.5290826861200238,-0.158622668804709]],[[-0.2879033166650653,-0.9613974918795568,0.9129452507276277,-0.13235175009777303,0.5514266812416906],[-0.9613974918795568,-0.750987246771676,0.8366556385360561,0.7625584504796027,0.9999118601072672],[0.9129452507276277,0.8366556385360561,-0.9055783620066239,-0.6636338842129675,-0.9917788534431158],[-0.13235175009777303,0.7625584504796027,-0.6636338842129675,0.5290826861200238,-0.158622668804709],[0.5514266812416906,0.9999118601072672,-0.9917788534431158,-0.158622668804709,-0.7682546613236668]],[[0.0,0.8414709848078965,-0.7568024953079282,0.4121184852417566,-0.2879033166650653],[0.8414709848078965,0.9092974268256817,-0.9589242746631385,-0.5440211108893698,-0.9613974918795568],[-0.7568024953079282,-0.9589242746631385,0.9893582466233818,0.4201670368266409,0.9129452507276277],[0.4121184852417566,-0.5440211108893698,0.4201670368266409,-0.750987246771676,-0.13235175009777303],[-0.2879033166650653,-0.9613974918795568,0.9129452507276277,-0.13235175009777303,0.5514266812416906]],[[0.8414709848078965,0.9092974268256817,-0.9589242746631385,-0.5440211108893698,-0.9613974918795568],[0.9092974268256817,0.1411200080598672,-0.27941549819892586,-0.9999902065507035,-0.750987246771676],[-0.9589242746631385,-0.27941549819892586,0.4121184852417566,0.9906073556948704,0.8366556385360561],[-0.5440211108893698,-0.9999902065507035,0.9906073556948704,0.14987720966295234,0.7625584504796027],[-0.9613974918795568,-0.750987246771676,0.8366556385360561,0.7625584504796027,0.9999118601072672]],[[-0.7568024953079282,-0.9589242746631385,0.9893582466233818,0.4201670368266409,0.9129452507276277],[-0.9589242746631385,-0.27941549819892586,0.4121184852417566,0.9906073556948704,0.8366556385360561],[0.9893582466233818,0.4121184852417566,-0.5365729180004349,-0.9613974918795568,-0.9055783620066239],[0.4201670368266409,0.9906073556948704,-0.9613974918795568,-0.008851309290403876,-0.6636338842129675],[0.9129452507276277,0.8366556385360561,-0.9055783620066239,-0.6636338842129675,-0.9917788534431158]],[[0.4121184852417566,-0.5440211108893698,0.4201670368266409,-0.750987246771676,-0.13235175009777303],[-0.5440211108893698,-0.9999902065507035,0.9906073556948704,0.14987720966295234,0.7625584504796027],[0.4201670368266409,0.9906073556948704,-0.9613974918795568,-0.008851309290403876,-0.6636338842129675],[-0.750987246771676,0.14987720966295234,-0.008851309290403876,0.956375928404503,0.5290826861200238],[-0.13235175009777303,0.7625584504796027,-0.6636338842129675,0.5290826861200238,-0.158622668804709]],[[-0.2879033166650653,-0.9613974918795568,0.9129452507276277,-0.13235175009777303,0.5514266812416906],[-0.9613974918795568,-0.750987246771676,0.8366556385360561,0.7625584504796027,0.9999118601072672],[0.9129452507276277,0.8366556385360561,-0.9055783620066239,-0.6636338842129675,-0.9917788534431158],[-0.13235175009777303,0.7625584504796027,-0.6636338842129675,0.5290826861200238,-0.158622668804709],[0.5514266812416906,0.9999118601072672,-0.9917788534431158,-0.158622668804709,-0.7682546613236668]],[[0.0,0.8414709848078965,-0.7568024953079282,0.4121184852417566,-0.2879033166650653],[0.8414709848078965,0.9092974268256817,-0.9589242746631385,-0.5440211108893698,-0.9613974918795568],[-0.7568024953079282,-0.9589242746631385,0.9893582466233818,0.4201670368266409,0.9129452507276277],[0.4121184852417566,-0.5440211108893698,0.4201670368266409,-0.750987246771676,-0.13235175009777303],[-0.2879033166650653,-0.9613974918795568,0.9129452507276277,-0.13235175009777303,0.5514266812416906]],[[0.8414709848078965,0.9092974268256817,-0.9589242746631385,-0.5440211108893698,-0.9613974918795568],[0.9092974268256817,0.1411200080598672,-0.27941549819892586,-0.9999902065507035,-0.750987246771676],[-0.9589242746631385,-0.27941549819892586,0.4121184852417566,0.9906073556948704,0.8366556385360561],[-0.5440211108893698,-0.9999902065507035,0.9906073556948704,0.14987720966295234,0.7625584504796027],[-0.9613974918795568,-0.750987246771676,0.8366556385360561,0.7625584504796027,0.9999118601072672]],[[-0.7568024953079282,-0.9589242746631385,0.9893582466233818,0.4201670368266409,0.9129452507276277],[-0.9589242746631385,-0.27941549819892586,0.4121184852417566,0.9906073556948704,0.8366556385360561],[0.9893582466233818,0.4121184852417566,-0.5365729180004349,-0.9613974918795568,-0.9055783620066239],[0.4201670368266409,0.9906073556948704,-0.9613974918795568,-0.008851309290403876,-0.6636338842129675],[0.9129452507276277,0.8366556385360561,-0.9055783620066239,-0.6636338842129675,-0.9917788534431158]],[[0.4121184852417566,-0.5440211108893698,0.4201670368266409,-0.750987246771676,-0.13235175009777303],[-0.5440211108893698,-0.9999902065507035,0.9906073556948704,0.14987720966295234,0.7625584504796027],[0.4201670368266409,0.9906073556948704,-0.9613974918795568,-0.008851309290403876,-0.6636338842129675],[-0.750987246771676,0.14987720966295234,-0.008851309290403876,0.956375928404503,0.5290826861200238],[-0.13235175009777303,0.7625584504796027,-0.6636338842129675,0.5290826861200238,-0.158622668804709]],[[-0.2879033166650653,-0.9613974918795568,0.9129452507276277,-0.13235175009777303,0.5514266812416906],[-0.9613974918795568,-0.750987246771676,0.8366556385360561,0.7625584504796027,0.9999118601072672],[0.9129452507276277,0.8366556385360561,-0.9055783620066239,-0.6636338842129675,-0.9917788534431158],[-0.13235175009777303,0.7625584504796027,-0.6636338842129675,0.5290826861200238,-0.158622668804709],[0.5514266812416906,0.9999118601072672,-0.9917788534431158,-0.158622668804709,-0.7682546613236668]],[[0.0,0.8414709848078965,-0.7568024953079282,0.4121184852417566,-0.2879033166650653],[0.8414709848078965,0.9092